522
804
540
338
782
637
436
515
880
746
304
694
455
693
613
780
274
607
292
492
173
962
840
114
564
413
489
32
992
746
806
761
424
186
22
70
717
317
88
505
853
244
670
777
209
282
279
399
855
105
520
4
93
488
792
432
553
320
538
166
79
172
719
760
449
201
405
144
68
144
912
14
871
604
918
56
898
511
569
678
205
606
890
482
555
507
331
784
804
435
864
271
964
667
120
717
527
881
640
665
795
280
773
484
148
811
577
849
354
344
972
701
754
527
779
221
287
613
450
862
767
886
795
615
868
351
939
751
638
407
121
197
369
814
180
975
871
147
228
315
62
706
15
685
881
504
68
705
488
280
449
425
987
667
930
814
180
621
521
237
285
963
546
357
128
256
680
986
121
317
374
738
658
77
106
983
606
143
103
90
997
765
318
747
15
669
530
725
422
637
465
107
650
671
793
647
453
691
136
682
802
659
795
995
826
255
503
912
684
309
411
455
807
583
341
44
118
388
643
329
620
108
894
594
531
29
431
911
253
249
455
619
628
820
846
17
554
140
489
556
783
400
628
421
310
88
850
537
910
707
170
779
478
583
431
997
145
710
918
802
984
841
884
612
225
214
913
718
890
472
699
701
118
1
927
781
432
257
605
472
305
846
65
733
526
854
798
129
136
258
406
971
844
599
593
751
231
586
140
14
557
841
42
712
242
600
935
29
253
520
526
965
956
808
809
976
486
139
244
556
922
979
943
983
648
605
600
965
452
752
173
591
127
190
336
27
806
768
989
532
584
815
763
715
388
987
547
340
999
489
90
586
917
433
514
721
984
154
74
362
644
97
344
902
788
672
422
441
415
682
765
470
67
176
15
123
112
552
244
555
508
788
125
451
289
828
194
43
222
189
861
626
691
328
342
545
270
834
608
788
973
6
559
844
708
347
776
537
481
509
403
819
858
657
958
996
192
158
454
665
522
906
960
179
36
50
613
29
961
199
144
814
377
126
828
495
570
61
907
227
313
660
494
273
987
461
831
709
494
542
317
906
214
387
239
485
816
600
173
675
348
717
578
704
248
980
240
400
114
502
298
221
938
413
246
22
96
542
347
70
374
93
270
148
835
786
575
776
259
463
868
565
693
554
587
633
813
736
966
854
